4631
5 0
5 100000000
5 98313809
5 340141617
2 3
5 846207450
5 645493052
5 925097577
2 4
3 689348437
5 29998911
3 62991035
4 55232861
5 702356604
5 28474934
2 4
1 487282570
4 541976672
1 676546588
5 731778307
4 269377160
1 251065163
4 504636740
5 529358356
1 420377479
4 393618378
5 977331515
3 264040726
4 26763552
5 941153100
1 107815560
5 413218771
5 787978725
5 17471394
3 335006494
5 891073142
5 594694981
1 711288730
5 718629577
2 16
3 227770385
5 499432664
2 15
5 928860433
3 612039941
5 296515398
4 913114426
5 614256314
2 18
3 320007024
5 93203720
5 89717330
4 88728020
5 412149253
5 604308967
4 891033838
3 240696102
5 41564422
1 163116319
5 690118088
3 582820724
5 79718857
5 457095451
5 35390919
3 770708392
5 641664730
3 448424478
5 510589668
2 8
5 166573398
5 692133832
4 343017223
5 311750847
5 946932080
1 159188157
5 782674238
5 529265994
1 96877543
5 14804204
5 782577857
5 305326314
5 618994928
5 128891655
5 92415653
2 20
5 57496946
5 750570847
5 863069472
1 426420117
5 570852628
1 414070707
5 950805129
2 51
5 979267530
2 19
5 66899262
2 13
5 257257474
5 566170826
4 952582715
5 180183904
4 59365556
1 873493262
5 660012092
4 524834674
4 215532358
4 836094145
4 792186918
5 763179577
3 904386414
5 785542054
2 46
3 904178657
5 581978836
5 95488338
1 721219114
2 40
5 556024683
5 336977265
4 694681015
5 801989009
3 557422178
2 16
2 31
3 50145542
4 39246380
3 639903974
5 60870174
5 269563773
5 727077826
2 63
5 670127815
5 416963472
5 311364353
1 37213504
4 365216366
2 70
2 64
4 713299982
3 449646193
4 168902175
3 197390953
4 187299614
4 364701938
5 478290363
2 17
1 92425096
3 949915729
2 14
5 349567271
5 108463905
5 61840030
5 50885971
2 16
5 573304831
5 871694710
1 178430467
5 627991543
5 355824687
3 12199790
4 11551285
2 31
3 224046659
5 533669960
3 34510386
3 305624571
5 441309614
3 54943124
5 837734697
3 101479559
3 295559408
5 79859130
1 573047359
5 833850518
2 17
4 116449094
5 399255317
4 122524865
2 11
5 52269823
5 950077575
2 69
2 42
5 171143387
5 531032350
5 936711976
5 113196465
1 822135357
2 4
5 493052690
5 589866039
1 366267533
1 734012308
3 205560945
5 428618617
3 734523386
1 616204224
3 74759043
2 94
2 64
4 812565538
5 987919991
2 54
1 957969887
5 798248758
4 406436868
4 842529121
5 178806137
5 107931363
1 684052357
5 337510946
4 33455035
1 77116604
5 904501628
2 67
1 722337963
2 11
4 872594546
5 741088436
1 911320051
5 672455290
5 96797382
5 994430012
3 824973831
1 172698339
3 34295512
4 87610838
5 637964400
3 738562035
2 73
1 35285035
5 571333178
5 645645716
2 15
1 387577854
5 195801290
5 858853419
5 631204853
2 72
2 61
5 189536948
5 418911098
4 738207635
1 414524208
3 10672358
5 474172127
4 218222519
3 760101516
5 757827624
3 963978310
3 4284321
5 466711036
5 553947238
2 79
5 956421282
2 7
5 33261320
5 703868820
2 44
2 49
4 433582161
1 493305813
1 212125757
5 197646737
5 961949414
5 770379341
5 172028974
3 141836709
1 451837969
5 318690714
5 223964797
5 526214610
2 32
3 840292328
5 964747891
5 370656626
3 175915600
3 989273847
5 822146152
3 514796875
5 640172265
5 209433388
4 241534510
5 83071493
4 221552302
5 209262755
3 599286481
3 694028432
1 780687601
3 286933108
2 53
5 401348261
3 205818741
4 531055008
1 371397333
3 488898070
5 860130646
5 899035031
4 762206360
1 18292417
5 908682227
5 736096284
5 817888252
5 386089019
5 440005014
5 954553401
1 305463139
3 926051047
3 209444688
1 320375078
5 79702135
3 240495024
2 55
1 268271809
5 871565952
5 710236986
4 398020529
1 83482845
4 112890649
5 891267992
4 419831114
1 428662981
5 811377673
2 36
2 70
3 427597559
5 341330709
3 589771501
5 899340383
1 624734274
4 296733951
5 693037454
5 441573144
1 10948796
5 800798542
2 2
2 112
4 124929686
2 146
2 116
5 80327189
4 810727815
5 531640162
5 133642398
5 279218242
4 568302328
5 667680292
3 83091624
4 172460481
3 523358912
3 491590960
5 552801448
5 800079777
1 291755409
1 171497562
5 502003482
2 31
2 90
3 515361066
2 136
5 268907175
1 121662715
4 883346928
3 944239906
3 855822694
1 78248946
1 563875443
2 81
3 471808293
5 822644797
2 115
2 17
1 390005279
2 104
1 146098046
4 196803437
1 37567794
3 129624630
5 904437781
4 861049089
4 263226311
5 191861770
4 425521208
5 884143494
2 8
5 681328829
5 690268529
5 821356276
5 507092932
4 132775151
5 695247454
5 107222872
5 815782397
5 238317226
2 65
5 457278329
1 764513886
3 914139905
5 580165269
4 659835722
1 835661109
1 982031966
5 911212953
5 796246789
2 82
1 644175768
3 624846769
3 913233787
5 221077562
1 261430927
5 158486981
5 633323714
3 643659856
2 5
5 83815186
4 227220783
1 81453683
1 852150857
5 177846047
2 15
5 146303361
2 75
5 570046688
5 626319612
1 725432930
5 291542520
3 789754500
5 684129103
5 937931104
3 256463154
2 126
3 344041017
5 34116564
5 536234347
5 31049677
1 179214344
2 31
5 790099187
5 227832357
5 217198100
2 111
5 366519793
5 938657754
5 251268308
2 14
2 71
5 346227273
1 525930815
4 75640522
2 31
2 68
5 716668485
5 233500198
5 110572807
5 323396231
5 751354589
5 12474903
5 384033542
2 68
3 839756757
5 956513109
5 114663791
1 248380110
5 271196446
4 698782650
5 503025037
3 345274705
4 505329363
3 133635280
5 804720565
5 534795627
4 109639993
2 122
1 58929588
5 211555433
3 858081536
5 922541396
5 866752180
3 760211681
1 572521111
5 725569207
1 857272378
5 122018573
5 254086644
5 312735868
2 153
5 371759575
4 190757524
1 133225834
2 212
5 523717805
1 475142417
5 328227814
5 328566766
4 275301894
5 672545755
2 98
4 960934822
5 118623143
5 162642306
4 789942373
5 762487635
4 759322222
2 132
5 414129468
4 476200376
2 126
5 563901521
5 284405325
5 717254346
2 87
5 702222037
2 102
5 840991431
1 954404445
5 400760952
5 328704861
5 549681993
5 617919359
4 537451992
5 793595692
1 828753184
2 162
5 344504377
5 141783900
4 52924922
5 73095828
5 250691314
1 213246660
1 930707856
5 271434007
5 697832858
1 602166769
3 420869157
5 716088926
5 394664040
3 379953690
5 700178075
5 184210408
5 703083799
2 164
5 896039860
3 133006113
5 482966148
1 289078470
2 27
5 471893331
1 102804393
5 864128965
5 408006006
5 88932656
3 198672702
2 236
5 850709861
2 20
1 585678138
5 1086042
1 587914471
2 89
1 376600436
5 219141255
3 74377792
5 190066771
2 71
2 169
3 26349656
3 357594702
4 271250760
1 29079939
2 125
2 71
5 163997040
5 289103262
5 21324679
4 334697775
2 162
5 304938305
5 685268427
3 438556151
2 197
5 197027056
4 954080761
3 247424188
2 250
1 3103735
5 543297732
1 125794635
1 123895956
1 3400717
1 442716530
2 18
4 38669720
3 209611385
1 844890936
5 266848539
5 43376953
2 166
3 307667289
5 656675607
1 787840293
5 841605777
5 365996660
5 319095201
1 504697120
5 281982306
4 651093373
5 848791447
5 413186504
2 153
3 846813874
2 46
3 920307153
5 724539674
3 197864020
4 865301059
4 984727117
5 441410775
5 830628954
5 4338404
4 473505712
5 159693231
1 50464501
2 67
3 126981245
5 935483706
5 241057494
5 518003842
5 644251139
5 247906500
5 51066145
4 292897931
5 748856163
5 854039478
5 760237312
2 237
4 340355582
2 138
3 755807917
2 125
5 967322505
2 145
2 166
5 429454394
5 973822985
5 851108121
1 379553395
4 139651018
5 652856721
3 386321379
5 85289649
5 562702893
4 247891886
5 159573628
4 463750302
5 347872248
2 23
2 289
1 121224303
5 994781763
3 101876250
2 121
1 465019601
5 150947869
1 284457375
3 582660734
5 146137622
5 745368897
5 599034865
5 709374010
3 901282622
1 540063278
5 155532
5 182681542
1 933869712
3 482645920
3 776745284
5 314278606
3 320923091
5 70207622
5 425572449
5 580217942
4 568520303
5 101933585
5 219090166
5 973081458
5 858790458
4 356898113
1 386487549
4 433785456
5 267814064
5 546995315
4 96107616
4 435365207
4 635697531
1 972494694
3 125845347
5 197916560
4 870125931
3 694338270
3 628197977
5 482184937
4 299843196
5 909350897
5 409397770
4 921249824
3 558953977
3 166897099
2 89
1 858055402
5 81903220
5 482804845
5 828696004
1 278570650
3 939956478
3 290877911
2 171
5 913679572
5 100465872
5 572397333
5 492960949
5 405713412
1 836778149
5 980415077
3 30797617
5 654613184
4 166375739
1 81132009
3 654738125
5 863494865
4 227218559
4 469542817
2 290
5 659357584
5 513019864
4 619215397
3 665406663
5 516086980
4 921969804
5 686554858
3 476829959
5 708561429
5 137427176
5 548256692
4 291145135
2 59
5 193652736
5 490564061
5 149511484
5 545170218
4 568983047
3 789762925
2 124
5 936024249
1 781409514
5 994313312
1 552747963
1 184093746
1 359210742
5 910626056
1 918583962
5 905462153
3 305876115
2 71
4 444493173
5 67597962
5 114531609
1 398001909
5 629777608
5 151296946
4 540797981
3 260856620
1 380348772
3 743626525
1 250209286
2 194
5 997398532
5 263160405
5 149328149
4 43938975
3 214826575
5 869255331
2 174
3 306615213
3 600803296
2 57
5 239192471
5 415994939
4 86329994
5 453440189
5 191060492
5 741958628
1 97402413
5 705781785
1 712686106
4 142204286
5 166791390
2 129
5 660340806
2 279
5 358759544
3 863413869
5 960874865
3 909471353
4 36081856
5 896821040
1 355270822
2 348
2 235
4 443800863
3 731875330
1 399958274
5 200076745
5 5223579
2 254
5 657314034
5 914515925
5 63213290
4 228690545
2 315
1 322376836
1 237931751
2 142
5 153010262
5 612791427
5 727662328
1 881253320
5 895018689
2 85
3 233339105
3 456105326
4 214881296
5 255908809
5 502851237
5 613130280
5 867813186
4 515337129
5 629262888
5 288106025
5 763561683
3 683488267
5 314644797
4 947092102
5 597553008
3 603527134
5 93059981
4 920292830
5 688805055
2 69
5 232897351
5 311530960
3 963969537
2 29
4 626328831
5 787139132
1 716274394
1 103576592
5 626310613
4 740222550
1 67133662
4 461611437
5 310265508
3 239107906
4 575776135
5 319110520
5 764447366
5 125521476
2 373
5 627494217
5 127163045
1 983488025
2 122
5 84837717
3 84945458
5 246031790
1 122342813
3 335943776
4 33179389
5 217108511
1 56174719
2 47
5 425704002
5 380306454
1 867689707
3 885718524
4 323016943
4 833315494
5 71267862
2 320
1 998208570
1 713613191
5 735590665
2 10
1 302092808
5 801256903
5 477895149
4 910441347
5 941306123
5 128684912
2 26
2 139
3 523497797
1 669314434
5 176807303
5 443793674
5 412372918
2 212
4 411569373
5 219503850
5 550174247
2 240
5 452696874
2 188
1 303043920
5 298640436
2 346
3 302899710
5 940513594
5 749109239
4 140041783
5 430888754
5 946846370
5 51307962
5 157286883
5 495334356
5 606446270
5 891340198
1 495033805
3 344127793
5 356023564
3 283411127
5 800984584
5 105277493
1 191449441
3 990912272
5 741888795
5 682336137
5 262770145
5 830688667
3 299128664
2 145
1 477622684
1 255057923
5 978683662
1 215263877
1 810780124
2 241
4 823215236
5 195300983
3 397081292
5 705405437
5 38836901
5 167503457
2 184
2 144
1 949127777
3 826229397
5 347736547
2 94
5 901461977
2 106
4 25714204
5 546601615
2 313
5 403616450
2 233
5 49577393
4 840562778
4 232700801
1 610473669
2 167
3 501828507
5 418802400
4 400199409
5 945805913
4 430932186
5 937101097
5 823735910
5 182195870
4 47331222
3 487005522
3 825142533
5 281584342
1 858362516
5 244195453
2 288
1 638050487
5 812474426
3 200549019
5 740708587
3 441887925
5 546583844
5 56350556
1 715708406
4 592481085
2 56
1 334773474
5 43545660
5 872746030
5 609009600
1 548599924
3 391171855
5 160971341
2 120
3 782998658
4 188476586
5 664900728
2 163
5 916105698
5 156675873
5 735937600
4 476666945
4 245315526
1 128928915
2 192
5 108326987
4 2579
3 50222193
5 63594590
3 526958347
5 328207171
2 371
5 703764322
5 897455505
5 78207168
2 10
3 511762402
1 561255295
5 433041400
5 490023588
2 239
5 151015360
5 349121644
5 403968175
4 749108884
5 262615857
5 217774149
3 667549809
1 505477738
5 554699782
1 852296157
2 175
5 152741588
5 958091080
5 510557839
1 80946338
5 473549955
3 609049105
5 630021790
5 442519344
4 127348222
4 171471024
3 441460424
1 681498198
3 118234743
2 393
5 399819047
2 108
5 977919851
2 435
5 509001431
3 198549554
3 182602317
5 159622835
4 272921837
5 414638223
5 249792487
5 224746384
4 182763267
4 229040923
2 145
4 737470423
5 497203364
3 363988962
3 787389227
5 25640893
4 103891428
1 836867497
5 10421205
2 18
5 525333873
2 352
5 483453476
3 993880673
4 410141271
2 5
5 514684174
5 310585043
2 20
4 704251669
5 252419330
5 818913641
4 721502350
3 254406493
2 321
3 989197329
2 427
5 196984024
3 800329930
1 372372716
5 932866399
1 958670808
3 21218839
1 272236295
1 254569872
4 985281122
4 243667344
4 647044224
4 947475261
5 169786962
3 474493832
3 325332390
5 947986524
1 344020423
1 460759052
1 788804042
1 349898073
2 244
5 911855363
1 410436697
3 595717425
5 936158458
1 666614383
1 753114583
5 875676542
5 352158283
1 272412028
5 8407630
5 728743221
5 807656647
5 320684280
1 704458808
5 52232862
5 803319758
5 246120904
4 961275790
5 351402931
3 296644813
2 402
5 167304756
5 338789387
5 372176789
5 47201102
5 66689028
5 135813705
4 533609170
5 615119631
2 173
2 421
1 663146092
5 665119861
3 99925432
5 217518197
5 773751351
4 53319299
3 315387333
1 19898607
5 740176881
5 153948934
5 430561676
1 552060039
4 407048567
5 541333234
5 665492870
1 582922955
1 649674615
3 379483878
4 256568101
5 22864425
3 988517051
5 342713666
5 919656495
4 527652455
5 78323836
3 669232963
3 770624918
2 441
2 297
3 864206114
5 606395434
3 684788330
3 330058799
5 297685991
1 15474343
4 103308687
4 318650933
5 924950817
3 671020466
5 49006332
2 328
5 72302002
4 743735245
1 561377355
5 457439223
5 218737982
2 235
4 198298353
5 979639023
2 245
1 42150268
4 287770137
5 886160675
5 674823072
5 565143755
5 297850018
5 348162042
3 65686700
5 682191246
5 184170
2 313
5 56656489
1 103444083
2 122
1 261324590
5 772277597
4 756390253
4 92789207
4 793599533
4 388749999
5 206709585
5 721742476
3 146098981
4 340445210
5 836685528
1 632710170
1 294707139
5 577787386
5 55706073
2 421
4 389550876
5 355669301
5 634304658
5 876934934
5 516555020
2 550
3 630521620
4 265016863
5 165084410
4 474738624
5 480930163
3 122918692
3 284952517
4 322459214
1 37798404
5 255572982
5 33808238
5 852015294
3 784643579
2 417
5 94873038
5 775030768
1 272891616
3 47607651
5 738583059
5 920238057
2 511
5 673346698
5 604330836
5 251770965
1 720287088
2 8
3 446073541
5 629484422
2 357
2 235
1 485966582
2 264
3 545001304
3 82797591
3 267861510
1 94671752
1 930615455
5 306743705
2 387
2 87
1 643465278
4 717642897
4 986254861
5 963230406
5 124892450
3 221502650
3 887683216
5 347826551
3 437345688
5 474945102
5 739371589
4 649959592
5 641275210
4 360533902
2 9
5 6532144
2 76
2 51
5 583239989
4 619474269
2 256
4 882016479
1 468680770
1 604435204
5 849095133
3 653352734
5 118604616
4 825927272
3 72233480
2 530
3 151264891
5 15399274
5 638233682
3 244907289
1 950328063
5 474420752
3 745672772
1 749127634
5 879477682
5 168064506
5 484914655
2 137
5 72079115
5 56623954
1 361256062
4 386086726
5 901657660
5 994618324
5 59602723
4 918852848
1 722636880
1 695075228
4 943860895
5 213715992
2 52
5 22103564
5 361307513
5 976960295
1 586651469
5 972526202
2 20
5 330869407
5 129523656
3 298018301
4 868602567
5 402688200
5 32115816
4 910763928
5 285406542
1 85725690
2 183
3 161942113
5 242315344
2 196
3 541929916
5 721999814
2 207
1 906730780
4 879899265
1 993571334
2 259
1 497159188
5 51718197
5 175270725
5 132768112
1 562160098
4 107781513
4 210069944
1 249580535
4 886805997
5 829840366
4 214817383
2 48
4 886954776
2 510
5 714843868
5 887288519
5 460227480
5 802623320
4 280440386
5 157283510
5 767276479
5 471321142
5 603668312
2 511
1 75352800
2 110
1 565097369
5 78532373
4 30440203
5 910351349
2 39
1 476057627
5 759252260
4 978066704
3 913090423
5 911882812
2 307
5 112490688
5 645546115
5 389257204
2 255
5 489787741
5 183067853
5 532334220
5 528105023
5 464764641
2 282
5 163278306
5 880254035
5 325181187
5 502464271
1 45363192
5 39643013
5 38865457
3 842594600
5 22582758
4 263587025
2 411
5 137286150
5 786734005
5 618246707
5 423280552
5 581589121
4 907039325
5 312489128
4 457776809
5 371351210
3 141299060
5 917858910
5 574308738
2 21
2 505
5 883472896
5 279805941
4 922012510
5 191033971
4 302937222
5 27651275
5 521094810
5 24217572
5 191449488
1 919487510
3 178348047
4 317354976
5 126733030
1 140699701
3 899259194
5 797960310
2 594
1 862547745
4 197286115
3 91312996
4 160729648
5 957344920
1 385451597
5 522145173
5 32630215
1 291969469
1 22563644
1 807845517
4 119222728
3 775528164
1 251315037
5 691527779
5 532219421
5 391086091
1 894837618
5 352987575
5 842311594
4 663921863
5 70505611
3 710797991
2 353
4 591837842
5 823050114
5 385635598
3 24096126
3 263480658
5 408208107
4 73919555
5 876717607
1 288786652
3 161826463
3 868950409
5 337918668
5 221359841
4 140528406
5 732623807
5 113712578
5 444223591
2 508
5 48640682
4 703291796
5 324724920
3 359419867
5 184857829
1 212658808
5 527061761
5 424053711
5 483066678
5 376260940
5 962969742
5 119334531
3 820325225
1 247345018
4 636760592
5 577499878
4 812431345
5 520090240
5 431012189
3 652014184
4 996718681
5 363228732
5 519729548
1 112823275
5 462348295
1 722892330
1 641516927
5 647013654
5 925738012
4 165684607
3 208364472
5 255592056
5 931028764
2 614
5 882617992
3 43679932
3 790752175
5 51297479
4 660197562
5 272008549
1 1842045
3 263444894
1 726261927
3 985254244
5 239030942
5 206278150
1 165288701
2 422
5 49919502
2 599
5 482847253
3 354524832
2 75
2 622
1 484966066
5 363659405
4 549151691
2 337
5 182452188
5 132995553
2 394
3 390430406
2 378
5 248147901
5 35011547
5 786342965
5 966218542
1 671795204
1 719677020
5 271771708
1 393931155
1 411537298
2 362
4 843362387
2 437
3 994361775
5 722083964
5 798712948
4 197140246
5 556321955
1 675155861
1 861782393
3 744717717
5 359790304
5 358975351
4 551570450
5 368456046
5 429991648
5 145229803
5 312177213
5 106105860
1 920903962
5 672653065
2 33
1 640846603
4 881603885
5 744430189
5 421473304
3 759671359
5 554587509
1 448132182
2 441
5 713287175
1 636993895
5 555753705
1 58555006
2 538
1 651659382
2 521
5 879991399
1 359002273
1 957926343
5 516628598
1 68771440
4 435936918
5 663299025
1 525670325
3 749869600
5 714855585
2 371
5 137581154
5 149253426
4 493925772
4 468137721
4 873520260
3 870322450
1 468635350
4 304029978
1 468225430
4 634010864
3 520114685
5 762362468
2 54
2 219
5 132885229
1 512387067
3 40499065
3 614879612
5 341575796
5 152560903
4 32855899
5 397861147
3 40385486
5 510378526
5 859697632
5 570618599
5 63983496
4 94767675
5 371625788
5 29675466
1 714473359
5 378750494
5 748562449
1 114318674
4 897464906
2 269
5 843032723
3 863250304
2 212
5 473787738
5 835503634
5 662901473
5 490815190
5 743890835
4 80488033
5 478697335
4 542970674
5 61804895
5 569565039
3 367825710
5 698205572
3 310120037
1 360242025
3 152233943
2 297
3 699296884
2 655
5 589916771
5 115104049
5 242473783
2 563
5 11668544
4 963794206
2 696
4 773055096
5 146350194
5 724670796
4 472895198
1 576075458
1 662162292
5 705991192
5 604826479
4 874647313
5 122170736
5 380271959
2 699
5 747162521
5 480564875
5 718585150
2 623
5 931000583
5 520284858
2 178
5 536969414
5 265722708
5 282233245
4 807100967
4 879960873
5 859175525
5 271013059
5 314583456
5 61979125
5 710207092
1 171119
5 815356185
1 535653702
5 477144489
5 610562818
4 763868531
3 688943885
2 223
5 189425505
1 264916260
5 188426989
5 382604912
5 102906085
5 195020867
5 327446431
3 887949265
4 547270372
4 459433327
5 339240724
1 46147162
4 910780946
5 236711063
3 984674652
1 899865274
3 739412872
3 282744439
2 356
5 194540635
3 722924686
5 508089481
5 892827764
5 36139826
5 257671722
5 136136206
5 94736686
5 986937047
1 906888255
2 484
2 302
5 633412585
5 82353928
5 232662843
5 122344252
5 491673824
3 685711642
5 167293542
4 432439520
5 808852070
4 438668904
5 77465705
5 329975779
5 441984505
5 833295748
3 5190602
4 103665297
5 772681431
5 252449193
3 960387818
2 196
2 251
5 420721390
5 256840952
5 215115924
2 666
5 231965713
2 133
3 717650139
5 892780880
1 426759894
1 249222590
2 405
5 433073103
4 331674510
1 743178974
3 467187301
5 721528034
5 68609211
2 467
2 56
1 720353584
3 925238980
3 567085013
1 774431009
5 234195805
5 863773460
3 786379190
1 366979363
5 293209169
5 403715846
2 113
3 417487538
5 575759063
5 750967864
1 166637303
5 658893259
4 831977300
5 942288861
5 52109272
5 222427864
2 10
1 504387845
5 678219293
5 993847016
5 768519133
5 265518849
5 28436936
2 436
3 313516820
2 677
5 686450079
1 456679730
1 104798947
1 502601850
5 734545957
1 358636638
3 304684042
5 719631669
3 664695884
5 540555243
1 305438217
5 192924615
5 69373433
2 69
5 902427138
2 96
3 269337384
1 295195370
3 317192443
5 753233644
5 170119157
1 174595302
5 193008119
4 773014625
2 731
5 38716890
2 105
5 86438354
1 705994076
5 653978804
3 787236736
1 605929782
5 278340306
1 648818837
5 280799741
2 375
5 267742952
1 20987292
5 699485126
5 361697696
5 567626430
5 358840403
5 659326302
5 596264444
3 570134477
5 925144137
5 33312724
3 423672116
2 602
3 646680655
1 741319003
1 967462101
5 687879598
3 150604991
5 82122733
5 144724979
5 670820040
3 667315282
1 416710410
4 329004725
1 731392044
5 315413760
1 397666376
5 85297561
3 811619957
5 199091674
1 23398899
5 59466491
5 54902966
5 969271140
1 87580791
5 975042065
1 535087343
5 550806240
2 316
2 722
5 286804244
1 693466287
1 363394161
5 159570024
5 873654264
5 589136754
2 235
2 284
5 338323540
3 143225806
5 256692441
4 724771767
5 702954084
5 597451627
5 866660406
5 428195014
5 992098463
1 450252567
5 626282223
4 846531644
3 493201678
3 667948190
5 596063376
5 492683325
5 264695665
5 159683658
1 317192029
5 486396502
5 330323649
2 39
1 466695054
5 964045615
5 407251342
5 164465954
1 67957004
2 745
5 628681335
2 659
3 691461232
5 148881839
5 786543988
5 746840628
1 195438964
3 33930146
5 802401635
3 714827100
3 45529678
1 136224672
4 835448387
5 46573918
1 742521785
2 780
5 913916497
5 6969693
1 348746891
5 80682052
5 207346362
1 20986509
2 243
2 576
5 886491880
5 639314057
3 772083157
4 252405825
5 913673288
5 723811094
4 254908770
5 239961133
1 897975182
5 171599974
4 529306576
3 981311076
4 146833600
4 83425426
1 863436412
2 510
5 588999137
3 262151350
5 297754451
1 921002248
2 888
4 253290726
5 631819629
2 668
5 526554547
1 10840109
5 40809511
1 708564075
5 884757296
5 802539417
4 834813293
3 168597327
3 29854379
1 87071172
2 154
2 499
5 989156523
5 19331112
5 366134011
2 254
2 768
5 278030015
5 548420399
5 363116981
1 690417325
5 839623479
1 986982007
1 23646458
4 505298644
5 41943209
5 287052174
5 632449366
5 598322028
5 769906150
4 736464871
1 131515270
1 90148658
2 534
1 974735954
5 905255186
1 304396674
5 25175285
4 174200456
2 909
3 737675509
5 558736549
5 892760971
5 131551535
5 232523761
4 283425302
4 765262596
5 699820308
5 309054344
2 144
5 580835192
4 107503876
2 322
5 360604134
3 28806369
2 338
4 925221550
5 578336014
5 482420427
3 767933945
3 701007914
4 909430912
1 145496022
3 723226950
3 17592928
3 664896785
5 910726758
5 815168319
5 69535816
5 396851585
5 79048183
5 590704746
1 579241883
4 551422512
4 577033734
2 632
5 872943767
5 484304883
5 973235917
4 583154339
5 985138248
2 249
1 11536974
5 713407108
2 923
5 231082530
4 235835284
1 45406950
3 112890838
5 281568198
5 344821100
5 246908225
5 45069115
4 887886576
5 917834659
5 597166538
2 835
4 483917847
3 431936825
2 770
1 311847838
5 9483060
4 687144862
5 975758977
2 543
5 488884386
5 819039115
5 593104836
3 264990320
5 74720047
4 279992184
5 600220244
1 28076415
3 141008032
4 236294534
5 117354612
1 772263010
5 311881707
5 469794859
2 303
3 446521723
4 741619281
4 285484023
3 594093804
5 274168799
5 303451286
5 659920894
5 875964496
5 559298821
4 597815409
5 616080562
5 840843973
5 935927508
1 665143342
1 586490812
5 866974603
5 988672658
1 997203959
5 873028411
3 884923918
2 202
5 667547343
5 310209051
5 812559357
3 341460329
3 324651945
5 374308132
5 842428989
2 1
5 740522243
5 988504262
2 657
5 902071366
1 673990372
5 648103072
5 896913949
1 154277229
5 129567080
2 868
5 319181350
1 643080697
5 96049949
2 860
1 199946224
1 997858563
3 803922719
2 571
3 722082927
1 612546273
5 268441766
1 992223741
2 861
3 313454007
2 163
5 999260404
3 56777862
5 688745599
5 256699992
5 338490261
2 379
5 853194473
1 212029112
5 919533380
1 147585495
5 879236006
5 659767433
4 224873784
5 745888214
4 292025507
4 526586133
5 682553195
5 946044126
5 472085476
2 610
1 234170060
5 47439363
5 910387504
5 109164349
4 868321920
3 433447831
5 14917236
5 869275834
3 216379373
4 969505632
3 491171494
5 423449084
2 572
5 565823462
5 423483400
5 49059148
1 800607233
5 471249899
1 122636665
3 281145897
5 161255684
5 351634721
5 899876768
5 320764009
3 539314899
5 74598082
5 770612621
1 630663356
5 408155118
5 573487229
3 566119828
5 409235832
5 332948340
4 100963227
1 428064960
2 952
3 739468190
5 413135274
2 473
4 53379737
5 779694886
4 829931357
4 852839931
5 728464108
3 917924723
5 812483027
3 679331932
3 518305780
5 199618659
4 670241880
4 61017539
5 594390470
5 694934951
4 527632325
3 150420918
4 620813218
1 103159120
1 535994454
5 951941119
2 365
4 69910469
1 528922190
3 546944830
5 897796892
2 464
5 5543599
2 373
2 305
5 19635234
5 526680969
5 702692009
2 416
5 220511522
5 479865217
1 418177160
1 303867827
5 109342751
5 402823249
5 56779576
1 865120628
3 939262277
5 146958549
5 424174220
5 216289372
5 637348049
3 269586581
2 598
2 20
2 696
3 14275680
5 291362786
1 483270255
2 634
4 740268008
2 679
5 544004226
5 904587678
5 963932504
5 240950424
5 102227310
5 730583287
1 757585832
5 288064291
5 957671238
4 143205775
5 615381030
3 889565311
1 399145949
5 182236410
5 532838578
5 774641634
5 758363898
4 973011089
5 788403425
3 276090625
3 388014289
4 429383013
5 348733144
3 21132887
5 18415608
1 170229443
5 753594748
3 226785679
5 144731924
3 780226670
5 241634217
1 824692440
5 549372296
3 134127616
1 242143442
3 928577894
5 944037912
5 975488047
1 608716733
5 901627570
5 782019896
5 837372691
4 303654563
1 421301320
5 895770587
5 543186633
1 269041946
2 374
5 456288654
5 821814433
5 767400000
4 551826041
1 129479700
1 512036226
5 601878195
1 992760616
4 404985409
2 51
3 952172150
4 56528515
1 265243274
2 307
1 340069200
3 983086973
5 627927947
3 898754801
4 183898812
3 181050161
3 264413225
1 936225022
5 772236314
2 509
1 410277844
5 356470819
3 369150090
5 587184539
1 559601847
2 1033
4 348860740
5 643238165
3 799772051
5 472444367
5 339056441
5 895842411
3 432735276
4 314606758
4 429132621
2 115
3 190588143
3 404654843
1 41788485
1 794156964
4 727971035
3 470862293
2 34
2 208
5 224502701
4 246399135
2 145
4 236331701
5 28453812
4 748913809
5 771269096
4 438816714
5 449622035
2 348
5 544571632
5 15128145
5 367626113
5 1930001
2 246
5 737212720
4 849641282
1 602221409
2 778
3 417102544
5 849027018
5 442348284
5 125772736
5 570935827
1 378387965
2 463
5 996385093
5 117522944
5 272581230
1 26066517
4 862737236
1 34755386
5 749967518
1 824233068
5 157247700
2 83
2 102
4 511600629
1 832710395
1 774185415
5 290967294
4 63859916
3 277872606
3 423896684
2 633
5 555154468
5 700874019
2 1016
5 228613312
5 692643544
5 986959193
5 129289742
1 280243090
4 794118020
1 395389182
5 1811005
5 353661793
2 580
5 742789545
1 872714747
4 827449602
3 747906506
5 354228779
2 161
4 412556132
4 818649934
1 674325494
5 416113891
5 75652295
5 421782599
5 95328102
5 250635988
5 561751419
2 327
4 954824366
5 163026855
2 839
5 575924256
4 332617850
5 76898947
4 472868216
5 539501902
1 425353769
3 534563527
4 92019267
5 376199682
5 361538272
5 49598507
5 346854788
3 12123133
5 641005505
5 130580902
5 324385495
5 983165976
1 504508292
5 700485124
5 395417756
5 303383296
5 730955709
4 233627184
4 101534693
5 257035074
4 882411943
5 68852693
4 95074713
5 571416778
3 476526216
5 483693153
5 14222604
5 851214728
2 1105
4 129824263
3 129940204
3 987011396
1 946448767
2 213
5 126552462
5 602608089
4 774546720
2 40
2 971
5 814218463
2 533
5 915660552
3 42466210
2 386
1 384142679
5 234173235
4 512458426
5 291709087
5 107233128
1 782671849
5 605027352
2 407
3 399032198
5 913510363
5 282370297
1 692920577
3 46287747
5 374363548
4 335419425
1 460867333
4 621875221
5 116473160
3 152274267
2 582
5 911971635
2 920
5 608008259
3 468994188
4 100950713
4 630416167
1 874604901
5 854727103
5 968350952
5 151542629
5 584617626
1 521797255
5 658047828
2 741
4 456137196
5 520840202
2 1112
5 727645257
5 531730257
5 624614651
4 893021308
3 854397547
4 585456078
3 916996272
5 465629414
3 135244454
2 100
5 510054327
2 601
5 987004336
5 22429120
3 80367865
5 232798551
3 942597088
5 937292916
5 42842352
1 602110649
1 867903263
5 140408215
5 230081238
5 662964668
3 175023407
4 337426689
4 512016868
5 523606805
3 983747968
4 92050958
2 950
5 54872918
5 867151298
1 211105125
4 119151410
5 89284178
1 612752918
1 500726669
1 11412528
1 559656343
4 673415237
5 188700202
5 694968579
5 567786934
5 830500159
4 517989676
5 120462082
1 584804162
5 623676644
1 315854127
4 206678452
3 430196797
5 931123185
5 16158839
5 993384140
4 333836948
5 63376588
5 642900773
2 832
5 612667563
4 11803488
3 772367803
5 558633529
5 385790256
4 285724138
4 14727045
2 229
5 120666468
5 109091864
3 885834419
3 94017354
5 333470972
5 516002040
5 953828722
5 897177208
5 531073493
4 574881007
4 659907964
5 251652996
5 346663448
5 154080449
4 388259427
5 655648003
4 244979276
5 457081419
5 721349506
4 281907737
3 202539009
1 351165685
4 265697394
4 936794469
2 175
5 765362468
2 355
3 918352466
5 339356720
5 609699088
1 588453580
5 553070722
5 317004402
5 631466393
5 78373013
5 74721287
4 608523022
5 213729964
4 733732621
5 673810030
2 95
5 173205085
5 782415993
5 223456684
4 839440593
2 213
2 1195
5 74344981
2 630
5 112521686
2 1052
1 578504707
2 582
5 668030642
4 9032633
2 640
5 777950584
4 129854732
1 902728725
5 895518888
5 211950810
3 267324266
5 98196332
4 716428993
5 448105839
3 795008613
2 295
4 37066855
5 128476278
3 163102573
5 150495709
5 708218802
4 197803183
1 564419835
2 591
3 11574602
5 172066773
4 345960590
5 7289950
2 770
5 814813456
2 875
1 195527672
1 529447139
5 674885029
4 412427981
5 302393893
5 307853679
2 284
2 31
5 482781198
5 872672528
3 522943444
2 888
1 160669154
2 709
2 232
1 137073658
5 252132626
5 458146805
5 99449280
5 522594346
2 1171
1 99565229
5 826718679
3 742059344
3 57343780
5 137471414
3 610698442
5 778919319
5 769612144
1 127776976
3 735309322
1 651094460
3 586028474
1 238640351
4 440011950
5 870737098
4 210683230
5 881997028
3 72648540
2 741
1 123428736
4 214628462
5 394205316
4 229175128
5 267864294
4 963084955
5 600079573
4 796185262
4 94086552
1 56265107
2 382
3 294301992
5 801840858
5 253746760
5 811798012
3 271138578
5 958898468
1 274829206
2 711
1 366408908
2 1016
5 642304613
5 419467039
2 996
5 414532098
4 972813693
4 34895111
5 361742503
3 462196483
2 969
5 70539380
5 454062945
5 854500131
5 704645082
2 556
4 703810679
5 975218226
5 579030778
5 511934140
5 386011760
5 189881527
2 1037
5 562043226
3 183963994
3 861283027
4 235818351
3 85740329
3 527264339
3 304933984
5 111249910
2 439
3 224949046
5 127320220
5 385454843
5 167289600
2 1233
5 567527827
4 862997458
2 8
5 306862649
3 39117919
5 980697080
1 148197411
2 988
3 829125556
2 172
5 536312248
5 872828041
5 568856394
2 1123
5 252953643
4 251110336
2 104
5 685852270
5 457938121
3 246233460
5 454518061
5 24050418
5 886329752
5 861071545
3 920660909
4 916879667
5 116287864
3 696618872
2 991
5 519903698
4 150370639
2 863
5 190780606
1 360111383
5 877507432
5 694919692
2 84
5 158870441
5 21281012
5 600946901
4 684322436
5 826899530
2 1256
3 358783616
5 756153949
5 193760744
5 286042226
5 807163980
5 875068146
5 441974524
3 654257794
2 329
5 185462545
2 1240
2 1003
4 94490165
5 639527490
4 207920153
1 154318863
5 708743287
4 410514623
5 968479234
5 998609271
5 917820641
5 78709928
4 17146303
5 879525629
2 350
5 233983034
5 791357279
5 223349454
3 570409522
2 409
5 819126382
5 373900023
5 944312930
3 941322860
5 666370934
5 209227004
2 574
5 485780409
1 432924417
3 3829014
1 840404659
5 777437297
2 178
5 719187767
5 75329277
3 205457330
5 613311897
2 1006
5 947194378
5 206729225
4 304818860
2 1107
3 255694557
5 37514160
4 200747964
5 932973645
5 165318420
2 482
5 732908855
2 1026
4 455489220
5 874541785
2 95
5 309139632
4 256405203
3 450065714
1 272241975
2 56
5 802976279
2 731
4 104849303
2 706
2 662
5 759073555
3 417531819
5 177060223
1 471858570
1 836868306
5 912868826
1 127176163
5 63135354
5 91678609
5 544152307
5 208460155
1 384810056
4 43043602
3 278612130
5 540280689
2 1153
5 473019553
1 376342429
5 810859862
3 599299563
1 392643654
5 987853987
5 32978601
5 362257103
5 148389090
5 288635299
5 849675648
1 509830937
5 95696494
2 427
4 802181113
5 940795249
4 232891041
5 657131203
5 858351436
5 203189395
2 329
5 544319885
1 302660706
1 726259769
2 578
1 246512888
3 424455961
4 109930115
1 155023570
2 1193
5 875089733
5 32692684
3 761308223
5 641030004
3 905671785
1 971501485
4 306438132
1 147360173
4 49216057
3 41662112
2 13
4 623770732
5 414330932
5 500959542
5 851910313
5 288473249
5 142243779
5 162306528
1 288016615
3 311250564
5 859354789
5 133714110
5 328346219
5 105689946
5 437505614
1 780293004
2 524
1 943809107
5 884671576
2 1087
1 219100251
4 775170577
4 575530832
2 263
3 890975245
2 154
5 223614817
5 828171651
5 783406805
4 507707096
5 925172856
5 403821694
1 315278090
4 129886154
5 129646195
4 570916351
1 424677971
1 945274380
3 272562294
4 714428625
3 230222064
5 282254090
5 156693676
4 406525753
5 546088880
3 557839216
1 397753446
3 29302279
3 87176452
3 472518847
1 292693184
5 370271164
2 88
1 752940251
5 443547035
3 191617765
5 146414159
5 47450631
2 715
1 983489129
5 632940861
4 745697542
2 786
5 414945026
4 712187765
1 254681028
5 114224262
5 78582176
4 70320184
5 672824265
1 622643227
1 448874848
5 772353951
1 948611842
3 457489976
1 183104748
5 27068497
1 278749048
2 380
2 394
5 395253770
5 139297382
1 418233516
5 383065773
5 770427356
1 657022904
2 533
5 74058320
5 346513148
1 490454421
3 960819366
4 249731219
5 443417643
5 977871347
2 172
5 891184321
5 528848074
5 689248015
5 951016791
1 561584771
2 1181
5 86110259
1 942272483
5 380841972
5 420604630
5 561082450
5 550247669
3 854644061
2 478
4 595979510
5 372292832
5 996458999
1 63953488
4 189132665
5 916915063
3 859011900
5 842329629
5 689838474
2 151
2 831
3 763977355
5 746714907
1 263684349
2 632
2 722
2 316
2 464
3 151961618
4 503498335
5 182055940
5 238573877
5 828233158
5 423051591
5 205475944
5 904156478
1 584429791
2 1383
5 279600258
5 160989431
5 242894272
2 712
2 1322
4 36625422
3 341641859
5 134697293
4 168198523
5 864599036
5 663828652
3 944141146
1 125851128
2 597
3 544448215
5 463742833
2 1020
5 922313189
1 333677833
1 85738501
5 792535419
3 530807448
4 425876554
5 346304817
2 753
3 267093159
3 852588785
3 112135947
5 901299769
5 341987405
5 9249412
5 338585509
4 386309420
1 197984
3 346222078
1 927254501
1 558838589
5 835410896
5 994218313
1 772663686
3 893275591
1 579478230
5 438630959
5 489972618
5 843194539
1 165829120
5 199160094
5 280511308
5 332136347
2 1312
3 152144402
2 957
5 615623627
4 641891946
2 54
5 107573214
1 727673979
1 597538377
5 778745759
2 1263
4 502225000
1 890225163
5 993744739
5 999780034
5 103971584
1 58997002
5 304093169
3 86616311
2 1012
5 709742763
4 899359461
4 989852882
5 753317881
5 249874555
3 922220301
4 748693775
4 106491294
2 347
5 815414952
5 950782507
5 316328840
5 261372177
4 551143950
3 732123793
5 267171850
5 310802470
5 107979033
2 380
3 668261242
5 841017723
3 414424949
2 377
1 912119993
5 260295347
2 701
2 1075
5 99402295
5 230751218
1 682123957
3 620582443
5 878677471
3 275534877
5 218729847
5 172871968
4 516148449
1 919305617
5 558558614
5 507170250
5 156767226
2 289
2 276
5 341629566
5 610226919
5 819227729
5 623080191
1 278394590
3 403024173
3 200629119
5 259381136
1 530387560
4 270707543
1 768187409
5 988461270
2 326
4 626423780
2 1396
3 635052618
2 1387
5 709796042
5 547639636
5 117179634
1 374645081
1 293216804
5 810017519
4 433878598
1 704432694
5 150182225
5 494761487
4 841568823
5 170972738
1 740533221
3 304516855
5 762850456
3 372555763
5 512147791
2 101
1 652458285
5 447494702
4 964564152
1 837795641
5 229877416
1 314289274
5 304331909
5 373301986
4 675739728
3 748018156
5 279211260
5 85188663
5 426154185
5 848352526
5 21171499
5 785674316
3 510269323
3 867827210
1 168329240
4 7227104
5 486319181
4 851849934
2 278
5 401689602
5 254620073
3 363896666
2 469
5 732788899
4 707408095
4 985591917
4 74419806
3 501461204
5 822450469
5 39819782
5 813882433
4 330550788
5 369640742
2 318
5 117570796
5 555136611
3 536947241
5 227893223
5 628734215
5 247900082
3 351829264
1 346710245
5 880609535
2 1493
2 224
2 1169
4 204428745
2 247
5 35798343
4 876222615
2 743
5 563370845
2 290
5 576200844
1 168663021
5 375931262
5 425559197
5 263670860
4 597524892
2 124
5 345028124
5 67573053
5 319236801
5 435241990
1 873655797
3 552197
4 378231408
2 618
5 935153103
1 122192504
5 902937843
2 50
5 375366342
3 126423099
5 400297949
1 610517872
5 510739564
3 306537457
2 531
5 46298281
2 770
5 590680128
5 420255198
1 785810048
3 590876262
5 992961035
1 247497197
4 412210299
5 64150271
4 992745796
4 568960926
3 563009917
4 444314473
1 127485024
1 738755875
5 714405031
4 202721670
5 471311495
5 554303773
5 116453361
2 75
5 264073860
1 824588827
2 560
5 100894671
1 150869193
5 405056681
5 510775131
1 784561892
5 633265151
5 689173281
3 311769474
5 162961217
4 742396589
1 684079579
3 765987312
4 733830629
5 323614802
1 537755666
3 225276057
2 1218
3 27547254
3 703661846
3 442823788
3 427206966
3 947759998
3 626782695
3 155246982
2 84
1 254292886
5 973542426
3 167389834
5 582923061
5 116269442
3 383412418
5 725640230
4 499649562
5 902528603
5 294754249
2 112
5 51158684
5 375704817
1 579074554
5 980586565
5 763989022
4 357465012
4 650597467
5 102983333
4 63464980
5 77833805
3 913949751
5 332425773
5 113551871
1 168462343
5 305864975
4 253476287
5 973863210
1 104374875
3 140536120
5 236626625
5 420369580
5 40071848
1 920229401
5 148497999
2 834
3 842951063
5 102489548
3 470564003
3 901452666
1 638775934
5 300515426
3 667423013
5 702721255
3 980588893
1 101174092
1 553638429
2 777
5 567582416
5 599305861
4 339933766
5 573022018
5 68884542
2 1112
5 107805831
5 877192191
5 50834091
5 298252968
5 413293989
5 581283133
3 963688500
3 681065917
2 805
3 947089386
4 371792611
5 466555988
5 483500700
4 125201119
3 822162629
5 768144348
2 1109
1 231918659
1 506047542
2 918
5 598361756
5 186083203
5 924078378
5 688412880
4 340413928
1 608364950
5 744117381
2 776
3 620671815
3 727088132
5 307199605
1 25142230
5 652220686
5 275226985
4 262925333
5 382064939
5 690784138
5 341898722
3 664356954
2 1500
1 813459740
5 85340339
5 557942167
5 680616072
4 739915352
5 289806697
5 550385483
5 420954894
5 273359984
4 211454932
2 184
5 390042416
1 940114202
1 49226396
4 161628435
5 123880298
4 243755443
5 151536711
5 208447989
1 221191491
3 640337625
2 583
3 39171157
3 460162668
5 946326937
5 229079923
3 451196682
2 460
5 487884492
5 158117091
5 24353916
5 392299098
4 770408585
1 990994474
1 779933280
5 577327404
2 1527
1 693106587
5 450297528
5 630567992
3 361950598
4 11420604
5 808909266
2 177
3 91157248
5 203952763
2 1083
4 89721573
5 951517914
3 951538593
5 644061071
3 706496062
5 400995296
4 14000609
5 959748764
4 225074961
5 349767223
3 622441232
4 471749490
5 421857896
5 170279779
5 673072688
5 31935439
5 360540007
1 336262483
3 810381273
5 402127206
5 947450136
3 882346508
1 592111908
2 464
5 251753132
5 870661648
1 691029685
3 249530000
5 499475359
5 413733877
5 932205246
1 227043549
1 765355968
3 70020268
1 480146075
2 243
3 971773901
5 518819091
5 901076149
4 803013449
5 819096664
4 780212742
3 776102963
5 487578389
3 570489487
5 286452863
4 315846483
2 862
3 950845198
5 831279068
5 767111189
5 29744655
5 708854039
1 640095278
5 183480871
5 916698809
5 816582952
3 482788190
5 871289312
1 23601983
1 786839336
3 672139778
5 284769092
4 276984273
3 14684439
5 205415916
1 496428192
5 533068944
5 937245982
3 613009615
2 432
4 855725891
5 42079429
4 507438468
5 389492575
1 230645737
2 1083
5 339558918
3 838388279
3 691468795
5 410322365
5 241931057
5 196678803
5 804994597
1 98104704
5 402859626
2 1069
2 231
1 282197044
5 826850251
5 190503964
3 538629494
5 37932852
5 383350134
3 649767720
5 139016481
3 251949801
1 181133618
2 957
2 1075
5 930595143
4 961322648
4 829096469
2 764
5 264324437
3 465204938
5 686144739
5 262397805
1 358945958
5 439802452
5 82054150
2 1604
5 598668841
3 726644896
4 273505497
2 558
4 814966024
5 561403144
5 538795305
2 490
2 1589
5 327672369
2 247
5 142226155
1 110206553
2 1041
3 43407514
5 107625505
3 768360368
2 387
2 1043
5 502343237
1 308104267
5 428309198
5 731939253
5 57575224
4 137116230
2 708
5 43737591
5 904092153
1 983561228
2 716
2 138
5 984637835
5 570087127
5 506971921
5 504614700
3 40229305
2 1210
5 446000295
5 774895526
5 540318236
3 221820466
5 866084639
1 659509883
1 418977173
5 366724588
2 972
4 92825145
1 782834469
5 470610525
1 869643705
5 357006158
5 793611107
2 909
5 210887741
5 497198111
5 161936101
3 163597877
5 579369257
2 150
5 620000192
5 343029053
3 289091993
5 887381654
4 803484040
3 754946453
5 493821785
5 89001098
5 400839856
5 645498945
5 36473700
2 888
5 582108862
5 281152277
2 1109
5 412726342
4 406021591
2 423
4 107398727
3 944846161
2 1507
5 478802163
2 1042
3 648668229
1 924356560
4 512220176
4 449047003
5 28933469
2 291
4 358847720
3 129076769
5 391184111
5 48694524
4 411343755
5 615808966
5 821042974
1 865630845
4 37091448
1 787485051
2 814
2 380
5 178221064
2 988
3 996875787
5 924337887
2 1670
2 1434
5 217718225
4 440122333
5 961295613
1 871515878
4 871382762
3 202458078
4 920680568
5 516388763
5 181463083
1 771560114
3 721595429
5 437870372
5 617089543
3 521709564
3 421397950
5 212710847
4 359535178
4 653687264
5 928679160
5 92908035
5 956332614
4 579913408
5 166882647
5 736857312
5 248391206
3 706477606
1 966170891
3 202437075
5 699336190
5 44207207
4 575324632
5 617587834
5 970243912
4 3409796
2 409
5 747320014
4 247062965
5 545183013
4 247791872
4 88096233
2 844
5 476384083
1 863762981
2 488
5 514654465
3 94700636
5 958272210
5 477038007
5 814938788
5 564184649
5 509186525
3 861257940
5 112928532
1 425952778
5 886702678
1 772075393
1 616591718
5 151599087
1 275827965
5 984686248
5 652071831
4 670573289
5 596091113
2 587
5 55007138
3 265839683
5 591052712
5 456271580
1 504400186
2 1326
4 599928711
3 807347824
5 872007416
4 142298280
5 622779265
5 160996579
2 1314
2 252
3 11866053
5 720906702
5 48727219
3 242356314
5 112412045
5 842345153
5 928960806
5 339703423
5 136205017
3 26515855
5 365877332
4 117051802
5 528640751
1 942051174
2 1516
1 69570747
5 303067231
5 566916181
3 164962892
3 679575985
5 162281660
1 161789513
5 331349545
3 479089848
4 951037184
5 86463672
5 33766125
3 718007210
5 102800927
1 907298552
5 527666585
2 1320
5 547319860
5 228772186
2 1143
1 98441341
3 873010825
5 129883605
3 484494011
2 9
5 781337399
5 981905687
4 215893833
5 473975092
5 607594183
5 738828123
2 788
5 916884049
4 158107794
5 990745259
5 448653561
5 844554851
5 930143212
1 656230562
1 146362367
2 976
1 711356714
5 864913244
3 198134496
5 956127817
5 556085310
5 417426688
3 349710830
5 455107216
5 645431799
5 312804759
3 508516937
4 708893964
1 502498102
3 780952544
2 56
5 810183179
5 945898052
5 992199922
5 493727170
5 292964927
5 285103295
5 937834550
3 122998521
5 180046221
3 107351512
2 1548
5 270129873
5 734974767
5 636879190
5 523643541
4 573244512
2 922
3 731102033
4 371757221
4 719808751
3 156314076
5 669638236
5 663873232
3 383009153
4 265496434
2 595
5 586136934
4 31693166
5 36310886
5 472096216
3 425589056
2 1716
1 565863074
1 315932221
3 411247055
2 1480
1 299655685
5 983535650
5 613721150
5 28717557
4 835701447
5 112231137
5 547048766
5 814997405
1 813317671
5 425283785
4 676111265
5 598151325
2 1105
1 315578033
1 208981039
1 405957560
1 732949816
5 156849046
4 414701593
5 455224927
3 479526754
3 369420699
5 483346688
4 57945866
3 721709182
3 301862466
4 680423739
5 390570889
4 844328480
5 896574308
5 136651321
5 371202624
5 851460441
3 397828817
5 48115768
2 138
5 639250398
4 272651382
2 1307
5 875194258
5 787960828
5 719249915
5 427196162
5 285969340
2 492
4 535086670
5 319078714
5 211638536
5 366276868
3 787762870
4 416314858
3 361723002
2 321
4 129107583
1 879762414
5 825194880
5 573986280
2 1810
5 973620141
5 53727623
1 271550114
3 147627898
5 245994590
2 1308
5 636390122
3 99716859
5 61673588
2 495
4 883652090
4 868841029
5 606857821
3 323820831
2 1635
2 1768
1 179561909
5 247729161
5 423583387
3 636980035
5 150639435
5 215889774
2 1345
5 684654965
5 116620770
5 599274420
5 400382205
5 176784629
5 606216647
5 593195756
4 742307768
5 705649991
5 922238423
3 636982196
2 1768
4 285467356
1 341367698
1 355543960
5 294268571
5 948922463
5 6400533
5 64936844
5 313785128
2 1667
5 227399381
1 592027886
5 988343751
5 545417265
3 871206898
4 387968350
5 492692790
3 215638925
3 294637979
5 973111876
2 1083
1 10983935
5 383691794
3 968907162
5 371205751
5 622783167
5 977109693
5 621839480
3 970443864
4 355868397
1 239708034
1 207759679
3 673152407
4 357497852
1 953868532
5 398538007
5 178731173
5 207100005
5 804888655
2 1306
5 912467453
2 630
5 277924284
2 707
5 250271848
3 205962120
4 529130860
4 766428844
2 1165
3 886892609
5 565090333
1 64661226
5 427862500
2 1577
5 697200734
5 509909514
1 335968835
3 158381162
5 548436966
4 224431591
2 497
3 736491503
4 551839226
3 171451022
5 390841161
5 839214499
3 436534744
5 698519729
5 792652841
5 160084835
3 184103675
4 928207347
5 177649497
1 607246278
5 121880799
5 597382760
2 1716
5 512213947
1 775868795
5 964902976
4 506815079
5 535311729
5 234878404
5 232811388
5 894254246
5 107730094
5 130453742
3 571099297
2 1050
4 224592775
5 76007285
5 416032773
2 1352
5 348588635
1 4967353
3 635319458
5 540401410
4 641290645
5 987157405
3 351749404
3 551380845
4 613397434
5 812170495
2 329
1 204420333
4 394412978
5 336131715
3 281347165
3 424660469
1 137296970
5 103996995
1 123925370
3 8430391
4 14963657
1 157413005
3 412762748
1 203472650
5 213141880
1 728901126
1 494091302
2 1155
2 379
5 532323841
5 43824857
5 728354475
5 653214477
5 634861298
5 584256074
5 105186742
5 672127133
5 272562519
5 76112004
2 1003
3 361891498
5 317595163
5 5366232
3 167114566
3 102194241
1 328292961
5 207249120
3 915115219
5 393725086
5 375493952
5 368892037
5 856419374
5 571341193
5 51688766
3 7792359
3 136409904
5 83735343
4 297535372
5 918857309
3 726172369
5 385126168
4 815492187
5 704827520
5 866510161
5 590054745
5 128365172
4 807038403
5 821541544
2 542
5 904336203
1 623553339
4 526907642
1 618066134
5 43891018
5 462871702
4 807606200
5 946735809
5 415477469
5 909692542
2 50
2 1810
5 649804133
4 484105982
2 943
3 607318939
3 221897388
4 230796154
2 7
4 282562108
1 73406214
5 874376920
2 618
5 572989958
5 326463815
2 684
1 262773200
1 562518820
5 276107480
3 472775327
1 150182249
3 240509349
5 214400518
1 937364536
5 479648857
1 159733625
4 650698429
5 275565343
3 788910703
1 22305323
4 372602459
5 530426274
5 933643963
1 548733465
5 315024360
3 439870062
5 852322716
2 1204
1 915474120
5 349800223
4 18189557
1 422579185
2 1487
5 661057787
3 87274362
5 672065664
5 2331238
2 883
4 641661555
5 895558128
1 466115152
5 461977805
5 527502953
2 1810
4 184662084
5 766151358
3 809356059
3 222624882
3 130198997
3 411267478
4 639008424
2 958
2 609
5 276933812
2 1722
3 426091474
2 1929
3 679731004
5 937541174
1 345894208
1 938236068
4 687738540
5 236642475
4 27848178
1 268728641
1 285136660
5 595705320
3 88503428
5 395878518
4 286486892
3 253322267
5 467454424
4 193412314
2 94
5 112050586
5 488781968
4 697049123
1 714145513
5 39678861
5 172600622
1 665353330
1 814835274
1 650817540
4 451177869
2 1197
2 833
5 47551976
5 567200039
3 760127167
5 327830983
5 81763291
2 191
4 93348585
1 464085552
1 942471439
1 186611914
5 500191751
3 307493050
1 383151751
5 607748165
5 554178651
2 75
2 140
1 512148352
5 246993702
5 872732808
5 342263125
4 953869478
5 186797463
5 23537617
4 137394750
5 490830619
1 500598311
1 136340525
4 706666451
1 62862055
5 269398953
5 79073637
5 796755813
5 282375200
4 509757780
3 558606451
5 661966905
2 1853
3 450839333
2 502
1 626480009
1 679373828
5 567019372
1 293844140
3 380133174
2 1009
1 145811067
4 470698479
5 408440860
5 850098341
1 483900535
3 351557320
3 609669275
5 134981671
5 725823121
5 810531253
5 329284596
5 592945179
3 140407636
3 935456415
3 292612270
2 581
5 850524795
1 142161269
1 324439480
4 276994673
5 42212228
5 446168727
5 360095801
5 466169668
5 769686012
5 149373824
1 766182333
4 789480590
3 194816046
5 194518550
2 1610
1 847667339
4 778511744
5 139459555
5 116843611
5 659630536
5 283523371
2 220
5 77297676
5 772748710
5 72872591
5 139545881
5 3243542
1 807865867
5 852254656
5 394902484
5 374745085
5 471437334
5 189659666
3 648967246
3 229164014
5 148859522
4 966118208
5 565676939
2 596
4 789177591
4 241244762
5 54697878
4 188715720
3 243928359
2 1003
5 167144677
3 692728426
4 299646811
1 123118374
5 193119003
5 873330698
2 1947
1 920345788
5 62414109
5 52496231
4 624223566
5 384874243
4 273105774
2 26
2 1088
5 186323352
4 847798569
4 746116983
4 268486658
5 405781636
4 580464797
5 377041221
5 291288990
1 769721025
5 440658259
5 518154194
5 718243416
5 85039801
5 21746387
3 59867253
3 394371799
2 809
4 773776274
5 33500610
1 115684908
3 368489342
5 426022190
4 729242831
4 661692199
3 495102462
5 765827617
3 874948982
5 852817246
5 902791324
4 94652307
4 626852175
5 656103113
2 1419
1 280927651
1 686103171
5 623543777
2 1405
4 346997036
5 95577136
1 526167929
2 1009
2 947
5 412380504
1 769749475
5 855143837
4 319002732
5 34205750
5 553710069
3 444625387
1 902938300
2 319
3 122558778
1 892777411
3 8602718
2 1922
5 534181773
3 380390114
3 361780335
2 1874
4 89680450
3 263913254
5 210371805
5 170181644
5 860798764
5 491698377
1 452301291
1 269883332
4 263549620
5 644609577
1 539674882
2 1008
5 932402692
3 146754721
5 124433224
5 892659913
3 129474007
5 529766087
3 319782106
5 98887435
5 472742467
4 671103948
5 881196598
5 174577306
1 166527652
5 398627929
3 49546539
3 276572852
5 207280351
5 796375901
1 710722671
5 658759800
5 738354132
1 200747836
1 896708367
5 939108086
5 110329530
5 261768507
2 1406
3 30246082
5 52539988
3 875674134
5 841936643
4 189127636
2 1694
2 1160
3 926597866
1 490538762
4 504259267
5 18651208
5 434823858
5 797425941
3 142308138
5 297749141
1 414917448
5 301726133
3 222694375
3 864446721
4 129607082
1 360703403
5 591681587
5 86061807
4 988226454
5 528493538
4 661054769
5 819398449
1 603747557
4 239456828
2 435
4 262072745
5 971651696
5 748485325
3 442752286
1 962726301
1 496462398
2 143
3 541079767
1 628481029
3 232882850
5 129713896
5 216919549
5 662677551
1 768359841
3 663505309
5 693169983
5 411782958
1 675583143
5 217054000
5 709393086
3 887192270
2 1259
3 197160632
1 27149568
4 693116976
5 793990159
3 597679157
5 970162314
5 42277256
4 472934933
5 358579126
5 920157073
2 864
5 843909635
5 870450542
5 461641931
4 711922811
3 264758690
4 514922289
1 859126978
1 556926035
3 544747885
5 547886681
5 520398054
4 811148108
2 563
5 495504245
1 206179898
5 225259464
4 270262876
5 383691609
5 624913436
1 270196361
4 74386642
5 179056006
3 911755163
5 805296563
4 599395762
5 957587259
1 607056554
4 291636288
3 338502743
5 500298036
5 336113705
1 595324408
5 56403785
1 455154819
2 568
3 323969443
5 168768459
5 109209433
5 24170743
5 134490995
4 119102085
1 411051417
5 754040075
4 219054165
4 557823671
3 288276793
5 453818166
4 953202771
5 748677486
5 4901983
4 621185222
1 472741027
2 1804
3 373583106
3 683681923
1 692841303
5 332416216
1 931888595
2 957
3 9299058
5 189482581
2 875
1 197961333
3 64054469
3 256624509
5 608039072
5 447278514
5 126265417
5 168866859
3 437660333
5 364914365
5 196457393
5 642755392
1 110449431
2 1608
4 377919524
5 406994989
2 651
5 320642526
5 857659808
5 171581510
5 449718597
1 316348428
2 1504
3 692506742
5 517758293
5 621189120
4 991341045
5 582407438
1 596734791
5 519265992
4 82909595
5 950444698
1 971060474
5 129380420
